15 15
9 8 10 10 10 10 12 13 9 10 10 12 9 10 14 
5 7 9 8 12 9 4 5 1 8 12 1 2 10 12 
5 13 5 5 7 3 0 0 2 0 4 3 10 12 5 
5 5 1 4 9 8 6 3 12 7 1 10 14 1 4 
1 4 3 2 4 7 9 10 2 14 1 8 10 4 5 
1 2 12 13 1 8 0 8 10 14 7 7 11 4 7 
5 11 0 2 2 4 5 3 14 9 10 8 14 3 14 
1 10 2 10 8 6 5 9 10 2 12 3 8 10 12 
5 9 14 9 0 8 0 0 14 11 0 8 4 11 4 
5 5 9 6 7 7 7 3 12 9 2 0 0 10 6 
3 2 6 11 8 10 8 10 0 4 13 3 0 8 12 
11 12 9 8 2 8 0 12 7 1 2 12 7 3 4 
13 5 5 1 10 4 5 1 14 1 14 3 12 27 4 
5 5 1 2 12 7 1 2 8 0 8 12 3 8 4 
3 2 2 10 2 10 2 10 6 7 3 2 10 2 6 
